$ANSIBLE_VAULT;1.1;AES256
37646364373732396139306233633034646636656131663331356464663831396265343830623532
3435343562336366366664396131666265613763333239640a616538303235653937386164653236
63316334663239353261343564373966363065323534633761306632303065343664366531613639
6136653435313833630a653136313437646134383333653936646231366261626562623864633230
35396435373862663137343633383964326637643438613234323337373664316164633163336637
34323966653834386333313437316462373136353865343965633839326166643335653161643437
38633565313730373235313536336637306230643939346164313565393839386338343532656565
32303766333930383361666338636634633133333937303164313563356135396136623566633835
63383662353363393232613539343232356464616561643166323530646163323832616639343365
66663437666162653765626262373438303639376661663263626661653266306162663361373333
30313064393961373461323562353766306332303462616639666565396461663330313438653130
30366438333939613834373565323839353530376665366264313962376336393639316133393963
66623063313939626235663266313232393266386566643335303934326335636666326232313662
66303530313865653433613937616263663564616339373331666630363739646337343735363436
38306435396338353964636465653362376633666137303964306332303232626435613635323261
64663763666430633961653663343236353332303332383565366664623237653735393163623933
63386236616433383239323037316332373461643638666434323739316537633766333639323836
64643261376335616437363138393761333734373439303533326534303733616539626434316230
62663566366333336530336565373837373335643633356132333361646534653736366464366434
39653566613836376466663663343064343765646165333365633232303438326336643065323939
66303361356636396432393432396336326530636563383364326535316431633131613364636530
65393133626238616263353765303734623230383835336465336536343332376361343963633836
64306134653433633238666635646533303733316165303361326666326561393331376430343063
65383031383763353665366439326662633264393030633562346431623634623536643738376237
32353939366562336663346139636234356461656435326266663463326536393333
